61
NULL 0 Common 0
Joined 7 0,255,0,255,0,0,0,0,0,0 Latin 1 0 1 Joined	# Joined [4a 6f 69 6e 65 64 ]a
|Broken|0|1 15 0,255,0,255,0,0,0,0,0,0 Common 2 10 2 |Broken|0|1	# Broken
س 1 0,255,0,255,0,0,0,0,0,0 Arabic 3 13 3 س	# س [633 ]x
ِ 0 0,255,0,255,0,0,0,0,0,0 Inherited 4 17 4 ِ	# ِ [650 ]
ا 1 0,255,0,255,0,0,0,0,0,0 Arabic 5 13 5 ا	# ا [627 ]x
ی 1 0,255,0,255,0,0,0,0,0,0 Arabic 6 13 6 ی	# ی [6cc ]x
ر 1 0,255,0,255,0,0,0,0,0,0 Arabic 7 13 7 ر	# ر [631 ]x
ٲ 1 0,255,0,255,0,0,0,0,0,0 Arabic 8 13 8 ٲ	# ٲ [672 ]x
ھ 1 0,255,0,255,0,0,0,0,0,0 Arabic 9 13 9 ھ	# ھ [6be ]x
چ 1 0,255,0,255,0,0,0,0,0,0 Arabic 10 13 10 چ	# چ [686 ]x
ن 1 0,255,0,255,0,0,0,0,0,0 Arabic 11 13 11 ن	# ن [646 ]x
م 1 0,255,0,255,0,0,0,0,0,0 Arabic 12 13 12 م	# م [645 ]x
ٕ 0 0,255,0,255,0,0,0,0,0,0 Inherited 13 17 13 ٕ	# ٕ [655 ]
ز 1 0,255,0,255,0,0,0,0,0,0 Arabic 14 13 14 ز	# ز [632 ]x
د 1 0,255,0,255,0,0,0,0,0,0 Arabic 15 13 15 د	# د [62f ]x
آ 1 0,255,0,255,0,0,0,0,0,0 Arabic 16 13 16 آ	# آ [622 ]x
ہ 1 0,255,0,255,0,0,0,0,0,0 Arabic 17 13 17 ہ	# ہ [6c1 ]x
ت 1 0,255,0,255,0,0,0,0,0,0 Arabic 18 13 18 ت	# ت [62a ]x
ق 1 0,255,0,255,0,0,0,0,0,0 Arabic 19 13 19 ق	# ق [642 ]x
ؠ 1 0,255,0,255,0,0,0,0,0,0 Arabic 20 13 20 ؠ	# ؠ [620 ]x
و 1 0,255,0,255,0,0,0,0,0,0 Arabic 21 13 21 و	# و [648 ]x
۔ 16 0,255,0,255,0,0,0,0,0,0 Arabic 22 13 22 ۔	# ۔ [6d4 ]p
ح 1 0,255,0,255,0,0,0,0,0,0 Arabic 23 13 23 ح	# ح [62d ]x
ۆ 1 0,255,0,255,0,0,0,0,0,0 Arabic 24 13 24 ۆ	# ۆ [6c6 ]x
ٗ 0 0,255,0,255,0,0,0,0,0,0 Arabic 25 17 25 ٗ	# ٗ [657 ]
َ 0 0,255,0,255,0,0,0,0,0,0 Inherited 26 17 26 َ	# َ [64e ]
ُ 0 0,255,0,255,0,0,0,0,0,0 Inherited 27 17 27 ُ	# ُ [64f ]
ٛ 0 0,255,0,255,0,0,0,0,0,0 Arabic 28 17 28 ٛ	# ٛ [65b ]
ٔ 0 0,255,0,255,0,0,0,0,0,0 Inherited 29 17 29 ٔ	# ٔ [654 ]
ب 1 0,255,0,255,0,0,0,0,0,0 Arabic 30 13 30 ب	# ب [628 ]x
گ 1 0,255,0,255,0,0,0,0,0,0 Arabic 31 13 31 گ	# گ [6af ]x
ک 1 0,255,0,255,0,0,0,0,0,0 Arabic 32 13 32 ک	# ک [6a9 ]x
ۄ 1 0,255,0,255,0,0,0,0,0,0 Arabic 33 13 33 ۄ	# ۄ [6c4 ]x
ل 1 0,255,0,255,0,0,0,0,0,0 Arabic 34 13 34 ل	# ل [644 ]x
ش 1 0,255,0,255,0,0,0,0,0,0 Arabic 35 13 35 ش	# ش [634 ]x
ف 1 0,255,0,255,0,0,0,0,0,0 Arabic 36 13 36 ف	# ف [641 ]x
ٟ 0 0,255,0,255,0,0,0,0,0,0 Arabic 37 17 37 ٟ	# ٟ [65f ]
ے 1 0,255,0,255,0,0,0,0,0,0 Arabic 38 13 38 ے	# ے [6d2 ]x
ٖ 0 0,255,0,255,0,0,0,0,0,0 Arabic 39 17 39 ٖ	# ٖ [656 ]
ڈ 1 0,255,0,255,0,0,0,0,0,0 Arabic 40 13 40 ڈ	# ڈ [688 ]x
ٚ 0 0,255,0,255,0,0,0,0,0,0 Arabic 41 17 41 ٚ	# ٚ [65a ]
پ 1 0,255,0,255,0,0,0,0,0,0 Arabic 42 13 42 پ	# پ [67e ]x
ؤ 1 0,255,0,255,0,0,0,0,0,0 Arabic 43 13 43 ؤ	# ؤ [624 ]x
ں 1 0,255,0,255,0,0,0,0,0,0 Arabic 44 13 44 ں	# ں [6ba ]x
ص 1 0,255,0,255,0,0,0,0,0,0 Arabic 45 13 45 ص	# ص [635 ]x
غ 1 0,255,0,255,0,0,0,0,0,0 Arabic 46 13 46 غ	# غ [63a ]x
ع 1 0,255,0,255,0,0,0,0,0,0 Arabic 47 13 47 ع	# ع [639 ]x
ظ 1 0,255,0,255,0,0,0,0,0,0 Arabic 48 13 48 ظ	# ظ [638 ]x
ط 1 0,255,0,255,0,0,0,0,0,0 Arabic 49 13 49 ط	# ط [637 ]x
ض 1 0,255,0,255,0,0,0,0,0,0 Arabic 50 13 50 ض	# ض [636 ]x
ژ 1 0,255,0,255,0,0,0,0,0,0 Arabic 51 13 51 ژ	# ژ [698 ]x
ڑ 1 0,255,0,255,0,0,0,0,0,0 Arabic 52 13 52 ڑ	# ڑ [691 ]x
ك 1 0,255,0,255,0,0,0,0,0,0 Arabic 53 13 53 ك	# ك [643 ]x
ذ 1 0,255,0,255,0,0,0,0,0,0 Arabic 54 13 54 ذ	# ذ [630 ]x
خ 1 0,255,0,255,0,0,0,0,0,0 Arabic 55 13 55 خ	# خ [62e ]x
ج 1 0,255,0,255,0,0,0,0,0,0 Arabic 56 13 56 ج	# ج [62c ]x
ث 1 0,255,0,255,0,0,0,0,0,0 Arabic 57 13 57 ث	# ث [62b ]x
ٹ 1 0,255,0,255,0,0,0,0,0,0 Arabic 58 13 58 ٹ	# ٹ [679 ]x
ي 1 0,255,0,255,0,0,0,0,0,0 Arabic 59 13 59 ي	# ي [64a ]x
أ 1 0,255,0,255,0,0,0,0,0,0 Arabic 60 13 60 أ	# أ [623 ]x
