62
NULL 0 Common 0
Joined 7 0,255,0,255,0,0,0,0,0,0 Latin 1 0 1 Joined	# Joined [4a 6f 69 6e 65 64 ]a
|Broken|0|1 15 0,255,0,255,0,0,0,0,0,0 Common 2 10 2 |Broken|0|1	# Broken
ت 1 0,255,0,255,0,0,0,0,0,0 Arabic 3 13 3 ت	# ت [62a ]x
م 1 0,255,0,255,0,0,0,0,0,0 Arabic 4 13 4 م	# م [645 ]x
ُ 0 0,255,0,255,0,0,0,0,0,0 Inherited 5 17 5 ُ	# ُ [64f ]
و 1 0,255,0,255,0,0,0,0,0,0 Arabic 6 13 6 و	# و [648 ]x
ر 1 0,255,0,255,0,0,0,0,0,0 Arabic 7 13 7 ر	# ر [631 ]x
ٛ 0 0,255,0,255,0,0,0,0,0,0 Arabic 8 17 8 ٛ	# ٛ [65b ]
ن 1 0,255,0,255,0,0,0,0,0,0 Arabic 9 13 9 ن	# ن [646 ]x
ک 1 0,255,0,255,0,0,0,0,0,0 Arabic 10 13 10 ک	# ک [6a9 ]x
َ 0 0,255,0,255,0,0,0,0,0,0 Inherited 11 17 11 َ	# َ [64e ]
ا 1 0,255,0,255,0,0,0,0,0,0 Arabic 12 13 12 ا	# ا [627 ]x
غ 1 0,255,0,255,0,0,0,0,0,0 Arabic 13 13 13 غ	# غ [63a ]x
ی 1 0,255,0,255,0,0,0,0,0,0 Arabic 14 13 14 ی	# ی [6cc ]x
ل 1 0,255,0,255,0,0,0,0,0,0 Arabic 15 13 15 ل	# ل [644 ]x
ب 1 0,255,0,255,0,0,0,0,0,0 Arabic 16 13 16 ب	# ب [628 ]x
ٲ 1 0,255,0,255,0,0,0,0,0,0 Arabic 17 13 17 ٲ	# ٲ [672 ]x
ق 1 0,255,0,255,0,0,0,0,0,0 Arabic 18 13 18 ق	# ق [642 ]x
ِ 0 0,255,0,255,0,0,0,0,0,0 Inherited 19 17 19 ِ	# ِ [650 ]
، 16 0,255,0,255,0,0,0,0,0,0 Common 20 6 20 ،	# ، [60c ]p
ہ 1 0,255,0,255,0,0,0,0,0,0 Arabic 21 13 21 ہ	# ہ [6c1 ]x
چ 1 0,255,0,255,0,0,0,0,0,0 Arabic 22 13 22 چ	# چ [686 ]x
س 1 0,255,0,255,0,0,0,0,0,0 Arabic 23 13 23 س	# س [633 ]x
ز 1 0,255,0,255,0,0,0,0,0,0 Arabic 24 13 24 ز	# ز [632 ]x
ٕ 0 0,255,0,255,0,0,0,0,0,0 Inherited 25 17 25 ٕ	# ٕ [655 ]
ش 1 0,255,0,255,0,0,0,0,0,0 Arabic 26 13 26 ش	# ش [634 ]x
ے 1 0,255,0,255,0,0,0,0,0,0 Arabic 27 13 27 ے	# ے [6d2 ]x
ھ 1 0,255,0,255,0,0,0,0,0,0 Arabic 28 13 28 ھ	# ھ [6be ]x
ٹ 1 0,255,0,255,0,0,0,0,0,0 Arabic 29 13 29 ٹ	# ٹ [679 ]x
ڈ 1 0,255,0,255,0,0,0,0,0,0 Arabic 30 13 30 ڈ	# ڈ [688 ]x
ۄ 1 0,255,0,255,0,0,0,0,0,0 Arabic 31 13 31 ۄ	# ۄ [6c4 ]x
گ 1 0,255,0,255,0,0,0,0,0,0 Arabic 32 13 32 گ	# گ [6af ]x
ٗ 0 0,255,0,255,0,0,0,0,0,0 Arabic 33 17 33 ٗ	# ٗ [657 ]
د 1 0,255,0,255,0,0,0,0,0,0 Arabic 34 13 34 د	# د [62f ]x
ط 1 0,255,0,255,0,0,0,0,0,0 Arabic 35 13 35 ط	# ط [637 ]x
خ 1 0,255,0,255,0,0,0,0,0,0 Arabic 36 13 36 خ	# خ [62e ]x
ۍ 1 0,255,0,255,0,0,0,0,0,0 Arabic 37 13 37 ۍ	# ۍ [6cd ]x
ج 1 0,255,0,255,0,0,0,0,0,0 Arabic 38 13 38 ج	# ج [62c ]x
ح 1 0,255,0,255,0,0,0,0,0,0 Arabic 39 13 39 ح	# ح [62d ]x
پ 1 0,255,0,255,0,0,0,0,0,0 Arabic 40 13 40 پ	# پ [67e ]x
آ 1 0,255,0,255,0,0,0,0,0,0 Arabic 41 13 41 آ	# آ [622 ]x
ض 1 0,255,0,255,0,0,0,0,0,0 Arabic 42 13 42 ض	# ض [636 ]x
ص 1 0,255,0,255,0,0,0,0,0,0 Arabic 43 13 43 ص	# ص [635 ]x
ژ 1 0,255,0,255,0,0,0,0,0,0 Arabic 44 13 44 ژ	# ژ [698 ]x
ٔ 0 0,255,0,255,0,0,0,0,0,0 Inherited 45 17 45 ٔ	# ٔ [654 ]
ٚ 0 0,255,0,255,0,0,0,0,0,0 Arabic 46 17 46 ٚ	# ٚ [65a ]
ڑ 1 0,255,0,255,0,0,0,0,0,0 Arabic 47 13 47 ڑ	# ڑ [691 ]x
ع 1 0,255,0,255,0,0,0,0,0,0 Arabic 48 13 48 ع	# ع [639 ]x
ث 1 0,255,0,255,0,0,0,0,0,0 Arabic 49 13 49 ث	# ث [62b ]x
ٖ 0 0,255,0,255,0,0,0,0,0,0 Arabic 50 17 50 ٖ	# ٖ [656 ]
ٰٛ 0 0,255,0,255,0,0,0,0,0,0 Inherited 51 17 51 ٰٛ	# ٰٛ [670 65b ]
۔ 16 0,255,0,255,0,0,0,0,0,0 Arabic 52 13 52 ۔	# ۔ [6d4 ]p
ف 1 0,255,0,255,0,0,0,0,0,0 Arabic 53 13 53 ف	# ف [641 ]x
ذ 1 0,255,0,255,0,0,0,0,0,0 Arabic 54 13 54 ذ	# ذ [630 ]x
) 16 0,255,0,255,0,0,0,0,0,0 Common 55 10 56 )	# ) [29 ]p
( 16 0,255,0,255,0,0,0,0,0,0 Common 56 10 55 (	# ( [28 ]p
. 16 0,255,0,255,0,0,0,0,0,0 Common 57 6 57 .	# . [2e ]p
ظ 1 0,255,0,255,0,0,0,0,0,0 Arabic 58 13 58 ظ	# ظ [638 ]x
- 16 0,255,0,255,0,0,0,0,0,0 Common 59 3 59 -	# - [2d ]p
ٰ 0 0,255,0,255,0,0,0,0,0,0 Inherited 60 17 60 ٰ	# ٰ [670 ]
٠ 8 0,255,0,255,0,0,0,0,0,0 Arabic 61 5 61 ٠	# ٠ [660 ]0
