63
NULL 0 Common 0
Joined 7 0,255,0,255,0,0,0,0,0,0 Latin 1 0 1 Joined	# Joined [4a 6f 69 6e 65 64 ]a
|Broken|0|1 15 0,255,0,255,0,0,0,0,0,0 Common 2 10 2 |Broken|0|1	# Broken
ڑ 1 0,255,0,255,0,0,0,0,0,0 Arabic 3 13 3 ڑ	# ڑ [691 ]x
ن 1 0,255,0,255,0,0,0,0,0,0 Arabic 4 13 4 ن	# ن [646 ]x
ُ 0 0,255,0,255,0,0,0,0,0,0 Inherited 5 17 5 ُ	# ُ [64f ]
ٕ 0 0,255,0,255,0,0,0,0,0,0 Inherited 6 17 6 ٕ	# ٕ [655 ]
ہ 1 0,255,0,255,0,0,0,0,0,0 Arabic 7 13 7 ہ	# ہ [6c1 ]x
َ 0 0,255,0,255,0,0,0,0,0,0 Inherited 8 17 8 َ	# َ [64e ]
ز 1 0,255,0,255,0,0,0,0,0,0 Arabic 9 13 9 ز	# ز [632 ]x
ب 1 0,255,0,255,0,0,0,0,0,0 Arabic 10 13 10 ب	# ب [628 ]x
ٗ 0 0,255,0,255,0,0,0,0,0,0 Arabic 11 17 11 ٗ	# ٗ [657 ]
، 16 0,255,0,255,0,0,0,0,0,0 Common 12 6 12 ،	# ، [60c ]p
س 1 0,255,0,255,0,0,0,0,0,0 Arabic 13 13 13 س	# س [633 ]x
ِ 0 0,255,0,255,0,0,0,0,0,0 Inherited 14 17 14 ِ	# ِ [650 ]
ٖ 0 0,255,0,255,0,0,0,0,0,0 Arabic 15 17 15 ٖ	# ٖ [656 ]
ا 1 0,255,0,255,0,0,0,0,0,0 Arabic 16 13 16 ا	# ا [627 ]x
ل 1 0,255,0,255,0,0,0,0,0,0 Arabic 17 13 17 ل	# ل [644 ]x
ٔ 0 0,255,0,255,0,0,0,0,0,0 Inherited 18 17 18 ٔ	# ٔ [654 ]
گ 1 0,255,0,255,0,0,0,0,0,0 Arabic 19 13 19 گ	# گ [6af ]x
ٛ 0 0,255,0,255,0,0,0,0,0,0 Arabic 20 17 20 ٛ	# ٛ [65b ]
ر 1 0,255,0,255,0,0,0,0,0,0 Arabic 21 13 21 ر	# ر [631 ]x
ش 1 0,255,0,255,0,0,0,0,0,0 Arabic 22 13 22 ش	# ش [634 ]x
ٹ 1 0,255,0,255,0,0,0,0,0,0 Arabic 23 13 23 ٹ	# ٹ [679 ]x
و 1 0,255,0,255,0,0,0,0,0,0 Arabic 24 13 24 و	# و [648 ]x
ۍ 1 0,255,0,255,0,0,0,0,0,0 Arabic 25 13 25 ۍ	# ۍ [6cd ]x
ت 1 0,255,0,255,0,0,0,0,0,0 Arabic 26 13 26 ت	# ت [62a ]x
م 1 0,255,0,255,0,0,0,0,0,0 Arabic 27 13 27 م	# م [645 ]x
ک 1 0,255,0,255,0,0,0,0,0,0 Arabic 28 13 28 ک	# ک [6a9 ]x
ھ 1 0,255,0,255,0,0,0,0,0,0 Arabic 29 13 29 ھ	# ھ [6be ]x
ع 1 0,255,0,255,0,0,0,0,0,0 Arabic 30 13 30 ع	# ع [639 ]x
ض 1 0,255,0,255,0,0,0,0,0,0 Arabic 31 13 31 ض	# ض [636 ]x
ٲ 1 0,255,0,255,0,0,0,0,0,0 Arabic 32 13 32 ٲ	# ٲ [672 ]x
ی 1 0,255,0,255,0,0,0,0,0,0 Arabic 33 13 33 ی	# ی [6cc ]x
ط 1 0,255,0,255,0,0,0,0,0,0 Arabic 34 13 34 ط	# ط [637 ]x
خ 1 0,255,0,255,0,0,0,0,0,0 Arabic 35 13 35 خ	# خ [62e ]x
ۄ 1 0,255,0,255,0,0,0,0,0,0 Arabic 36 13 36 ۄ	# ۄ [6c4 ]x
د 1 0,255,0,255,0,0,0,0,0,0 Arabic 37 13 37 د	# د [62f ]x
ڈ 1 0,255,0,255,0,0,0,0,0,0 Arabic 38 13 38 ڈ	# ڈ [688 ]x
ق 1 0,255,0,255,0,0,0,0,0,0 Arabic 39 13 39 ق	# ق [642 ]x
چ 1 0,255,0,255,0,0,0,0,0,0 Arabic 40 13 40 چ	# چ [686 ]x
پ 1 0,255,0,255,0,0,0,0,0,0 Arabic 41 13 41 پ	# پ [67e ]x
آ 1 0,255,0,255,0,0,0,0,0,0 Arabic 42 13 42 آ	# آ [622 ]x
ے 1 0,255,0,255,0,0,0,0,0,0 Arabic 43 13 43 ے	# ے [6d2 ]x
۔ 16 0,255,0,255,0,0,0,0,0,0 Arabic 44 13 44 ۔	# ۔ [6d4 ]p
ف 1 0,255,0,255,0,0,0,0,0,0 Arabic 45 13 45 ف	# ف [641 ]x
ژ 1 0,255,0,255,0,0,0,0,0,0 Arabic 46 13 46 ژ	# ژ [698 ]x
ص 1 0,255,0,255,0,0,0,0,0,0 Arabic 47 13 47 ص	# ص [635 ]x
ٚ 0 0,255,0,255,0,0,0,0,0,0 Arabic 48 17 48 ٚ	# ٚ [65a ]
ح 1 0,255,0,255,0,0,0,0,0,0 Arabic 49 13 49 ح	# ح [62d ]x
ث 1 0,255,0,255,0,0,0,0,0,0 Arabic 50 13 50 ث	# ث [62b ]x
غ 1 0,255,0,255,0,0,0,0,0,0 Arabic 51 13 51 غ	# غ [63a ]x
ج 1 0,255,0,255,0,0,0,0,0,0 Arabic 52 13 52 ج	# ج [62c ]x
ٰٛ 0 0,255,0,255,0,0,0,0,0,0 Inherited 53 17 53 ٰٛ	# ٰٛ [670 65b ]
ذ 1 0,255,0,255,0,0,0,0,0,0 Arabic 54 13 54 ذ	# ذ [630 ]x
) 16 0,255,0,255,0,0,0,0,0,0 Common 55 10 56 )	# ) [29 ]p
( 16 0,255,0,255,0,0,0,0,0,0 Common 56 10 55 (	# ( [28 ]p
. 16 0,255,0,255,0,0,0,0,0,0 Common 57 6 57 .	# . [2e ]p
ظ 1 0,255,0,255,0,0,0,0,0,0 Arabic 58 13 58 ظ	# ظ [638 ]x
- 16 0,255,0,255,0,0,0,0,0,0 Common 59 3 59 -	# - [2d ]p
٠ 8 0,255,0,255,0,0,0,0,0,0 Arabic 60 5 60 ٠	# ٠ [660 ]0
ٰ 0 0,255,0,255,0,0,0,0,0,0 Inherited 61 17 61 ٰ	# ٰ [670 ]
ً 0 0,255,0,255,0,0,0,0,0,0 Inherited 62 17 62 ً	# ً [64b ]
